0.9127012712240761
0.9092217227333372
0.9141096906674464
0.9150778042102257
0.908092078446923
0.9118912952189634
0.9115356854468593
0.6718465956403046
0.9169429192878101
0.9078332383014428
0.9020387364160183
0.8947182034901785
0.8965238447849109
0.8991580295858506
0.9004766576483378
0.9030692500038614
0.9711471041804141
0.9792192414785493
-0.8872837685522346
-0.8859557142411363
0.9158066006190065
0.9162687791983894
-0.8413700901230317
0.9158727483342544
0.916304969931442
0.9159968733907916
0.9158434974320179
0.9163251050254754
0.9160119109929106
0.9162894034570725
0.9164305799709443
0.9154619950124164
0.9162570084072515
0.9043917608290623
0.905576821045475
0.9023437221580173
0.900028396062725
0.9053855011333404
0.9180227181842888
0.9179094141794977
0.915523644235621
0.9178154992333647
0.9180451518854713
0.9179933682759405
0.9179246642040937
0.8564602641626551
0.8863834388831413
0.9187498314866245
0.9186561622425928
0.9186587703683603
0.9184519854519861
0.9188342397361874
0.9191666583834975
0.918744356811458
0.9184059497275914
0.9179622240564942
0.9223863805758745
0.9223046691283443
0.9225892260006475
0.9227316094833988
0.8762639096904619
0.8761557421588355
0.8761259342498766
0.8641647551137679
0.9224437873920049
0.9225056345029651
-0.8986851332655104
0.9210620226606024
0.9214878459195809
0.9210286026943194
